%YAML:1.0
---
mtx: !!opencv-matrix
   rows: 3
   cols: 3
   dt: d
   data: [ 4.6142931189411223e+02, 0., 3.3910765600937651e+02, 0.,
       4.6215979297114944e+02, 2.0136429325668041e+02, 0., 0., 1. ]
dist: !!opencv-matrix
   rows: 1
   cols: 5
   dt: d
   data: [ -2.1982315970948280e-01, 2.2697168847230731e-01,
       -1.6707075145677812e-03, 1.4467756546520218e-05,
       -1.5803205398870351e-01 ]
